0 0.486796 0.815434 0.100352 0.367958
0 0.585607 0.819542 0.112236 0.359742
0 0.679137 0.847711 0.033451 0.296362
0 0.792254 0.858568 0.051937 0.28169
0 0.879401 0.840082 0.048415 0.318662
0 0.943662 0.837148 0.069542 0.324531
0 0.351012 0.425763 0.258363 0.048709
0 0.255282 0.557512 0.127641 0.17723
0 0.290493 0.684272 0.15757 0.023474
0 0.245599 0.784038 0.139965 0.04108
0 0.277949 0.894953 0.132482 0.166667
0 0.211488 0.100646 0.038292 0.036972
0 0.183319 0.047242 0.042694 0.092136
0 0.612896 0.046362 0.136004 0.076291