0 0.121311 0.485388 0.048611 0.730035
0 0.161024 0.413484 0.06033 0.540509
0 0.216905 0.572917 0.122179 0.084491
0 0.300239 0.523582 0.061849 0.555845
0 0.356011 0.451968 0.086155 0.612847
0 0.527018 0.897714 0.92296 0.112558
0 0.489692 0.246383 0.044922 0.148438
0 0.563477 0.591001 0.3648 0.070891
0 0.497721 0.735098 0.051866 0.326678
0 0.684896 0.739294 0.054253 0.333333
0 0.663303 0.35706 0.0727 0.417245
0 0.820638 0.239005 0.04796 0.181134
0 0.891927 0.091001 0.215712 0.078414
0 0.824544 0.510561 0.044488 0.34809
0 0.142144 0.052517 0.204427 0.051794
0 0.263455 0.263889 0.135417 0.043403
0 0.442166 0.498119 0.883898 0.99566