0 0.115017 0.390336 0.03125 0.200231
0 0.051324 0.370515 0.05013 0.268808
0 0.116645 0.262442 0.232856 0.057292
0 0.015191 0.212095 0.029948 0.108796
0 0.19987 0.188513 0.027344 0.057002
0 0.182726 0.356771 0.027344 0.067708
0 0.311198 0.451968 0.102865 0.159144
0 0.480577 0.348814 0.049696 0.121817
0 0.473416 0.294705 0.435113 0.080729
0 0.867079 0.337095 0.265408 0.122685
0 0.851237 0.683015 0.067925 0.453993
0 0.952474 0.710793 0.094618 0.254919
0 0.726345 0.663918 0.034288 0.225405
0 0.468207 0.625145 0.051432 0.073206