0 0.342231 0.587384 0.06684 0.335648
0 0.572483 0.592448 0.06467 0.372975
0 0.790365 0.569589 0.052517 0.338252
0 0.91135 0.466869 0.176866 0.080729
0 0.459961 0.50217 0.192491 0.095197
0 0.684353 0.486545 0.194661 0.088252
0 0.650825 0.588252 0.167969 0.105903
0 0.543945 0.687934 0.409505 0.08015
0 0.895074 0.650174 0.209418 0.087963
0 0.152235 0.598524 0.098741 0.261863
0 0.065213 0.549624 0.129991 0.074363
0 0.07628 0.632668 0.152127 0.089988
0 0.069227 0.732205 0.138021 0.066262
0 0.26454 0.617766 0.148003 0.050926
0 0.282878 0.53776 0.073134 0.064525
0 0.5 0.57364 0.999566 0.459201