0 0.753906 0.174316 0.082031 0.030273
0 0.645020 0.203613 0.036133 0.016602
0 0.379395 0.275391 0.424805 0.117188
0 0.677734 0.368164 0.095703 0.023438
0 0.460938 0.413086 0.320312 0.074219
0 0.769043 0.452637 0.036133 0.010742
0 0.727539 0.460449 0.025391 0.008789
0 0.671875 0.472168 0.017578 0.006836
0 0.636719 0.479492 0.039062 0.009766
0 0.551270 0.493652 0.112305 0.022461
0 0.475586 0.510742 0.019531 0.007812
0 0.438477 0.518066 0.042969 0.010742
0 0.357910 0.534180 0.053711 0.013672
0 0.278809 0.548828 0.094727 0.019531
0 0.187012 0.565918 0.024414 0.008789
0 0.514648 0.607422 0.074219 0.013672
0 0.436035 0.620605 0.055664 0.010742