0 0.896484 0.342285 0.207031 0.102539
0 0.530273 0.320801 0.082031 0.040039
0 0.540039 0.427734 0.201172 0.072266
0 0.764648 0.499512 0.136719 0.047852
0 0.487793 0.650879 0.668945 0.174805
0 0.942383 0.613770 0.085938 0.030273
0 0.499512 0.697754 0.571289 0.135742
0 0.443848 0.761719 0.157227 0.035156
0 0.567871 0.784180 0.084961 0.021484
0 0.397949 0.817383 0.108398 0.025391
0 0.427734 0.884766 0.132812 0.023438
0 0.365234 0.898438 0.068359 0.017578
0 0.269531 0.927734 0.087891 0.013672
0 0.233887 0.939453 0.057617 0.009766
0 0.12865127376734167 0.9265814438600748 0.05847548079821553 0.0432824742268042
0 0.12328114374583904 0.5794507222105904 0.0463589397319186 0.06038432989690734
0 0.5570243395819358 0.49838317581883806 0.37041056248869597 0.12041237113402059
0 0.8980306781180948 0.4359142273652298 0.19360135060607178 0.09567010309278351
