0 0.916016 0.145508 0.015625 0.013672
0 0.901855 0.234375 0.010742 0.007812
0 0.725098 0.549316 0.217773 0.374023
0 0.769043 0.552734 0.020508 0.009766
0 0.715332 0.616211 0.030273 0.023438
0 0.744629 0.617188 0.040039 0.015625
0 0.787109 0.648438 0.005859 0.011719
0 0.013184 0.707520 0.026367 0.038086
0 0.008301 0.773438 0.016602 0.025391
0 0.5685119625741574 0.7998445630006947 0.09693232853037516 0.11105649484536073
0 0.8852833715088662 0.667503119701726 0.03395430156146367 0.023711340206185594
0 0.7037054336507049 0.2297609143409014 0.021072245332690115 0.018474226804123722
