0 0.265625 0.093750 0.019531 0.019531
0 0.646973 0.217773 0.706055 0.210938
0 0.235840 0.135254 0.030273 0.032227
0 0.713867 0.326172 0.572266 0.146484
0 0.876953 0.534668 0.246094 0.069336
0 0.824219 0.659180 0.236328 0.048828
0 0.878906 0.803711 0.242188 0.046875
0 0.757812 0.833496 0.146484 0.036133
0 0.881348 0.847168 0.040039 0.010742
0 0.257324 0.869629 0.022461 0.008789
0 0.522949 0.894531 0.145508 0.025391
0 0.208496 0.895020 0.059570 0.012695
0 0.267578 0.896973 0.031250 0.010742
0 0.624023 0.905273 0.029297 0.011719
0 0.449219 0.917480 0.076172 0.010742
0 0.269043 0.920898 0.041992 0.011719
0 0.526855 0.926758 0.018555 0.007812
0 0.469727 0.938965 0.023438 0.008789