0 0.497070 0.532715 0.025391 0.200195
0 0.791016 0.540039 0.021484 0.146484
0 0.685547 0.558594 0.187500 0.164062
0 0.465332 0.579102 0.026367 0.177734
0 0.364258 0.538574 0.146484 0.020508
0 0.544922 0.541016 0.076172 0.019531
0 0.386719 0.598633 0.080078 0.044922
0 0.476074 0.689941 0.100586 0.020508
0 0.363770 0.800781 0.022461 0.017578
0 0.353027 0.816895 0.032227 0.010742
0 0.362305 0.829590 0.044922 0.012695
0 0.9553645996804608 0.6683839191015881 0.07920181934456356 0.027835051546391654
0 0.1772607191505462 0.6617897957842018 0.2340206185567011 0.4865979381443299
