0 0.389648 0.036133 0.150391 0.072266
0 0.423828 0.139648 0.058594 0.037109
0 0.518555 0.231934 0.173828 0.086914
0 0.713867 0.570312 0.054688 0.025391
0 0.392578 0.574219 0.050781 0.027344
0 0.318359 0.610840 0.060547 0.032227
0 0.815918 0.811523 0.188477 0.091797
0 0.888184 0.946289 0.190430 0.082031
0 0.5966578727422779 0.3336029372435496 0.13707158432989686 0.06991265267498642
0 0.5996044591340303 0.46200708562320425 0.23883480412371116 0.14936007491810857
0 0.7461476317525861 0.6905351542752005 0.22674104742268042 0.10762017136311576
0 0.5063957142268144 0.08994198574562925 0.06629608247422669 0.04467316010530334
0 0.3721144771134124 0.16369484441004514 0.028291958762886704 0.026129584212535927
