0 0.234863 0.342285 0.047852 0.233398
0 0.618652 0.352051 0.038086 0.254883
0 0.261719 0.235840 0.005859 0.010742
0 0.997070 0.308105 0.005859 0.043945
0 0.871094 0.389648 0.248047 0.193359
0 0.576172 0.391113 0.037109 0.172852
0 0.054688 0.383789 0.068359 0.146484
0 0.274414 0.396973 0.025391 0.129883
0 0.999023 0.352539 0.001953 0.019531
0 0.436523 0.365234 0.203125 0.031250
0 0.684570 0.376465 0.101562 0.032227
0 0.467773 0.445312 0.111328 0.054688
0 0.149414 0.685059 0.291016 0.397461
0 0.572266 0.524414 0.023438 0.042969
0 0.052246 0.640625 0.041992 0.191406
0 0.591309 0.574219 0.139648 0.029297
0 0.447754 0.727539 0.061523 0.023438
0 0.417480 0.754395 0.041992 0.016602
0 0.426270 0.769043 0.053711 0.012695
