0 0.450684 0.057617 0.233398 0.115234
0 0.692383 0.118652 0.027344 0.026367
0 0.642090 0.144531 0.071289 0.041016
0 0.517090 0.216309 0.098633 0.059570
0 0.431152 0.266602 0.020508 0.019531
0 0.770508 0.321777 0.093750 0.067383
0 0.671875 0.362305 0.087891 0.056641
0 0.575195 0.410645 0.103516 0.063477
0 0.953125 0.633789 0.093750 0.044922
0 0.953125 0.675781 0.087891 0.054688
0 0.962891 0.875000 0.025391 0.013672
0 0.974609 0.893555 0.050781 0.042969
0 0.464355 0.922363 0.081055 0.045898
0 0.344727 0.979004 0.087891 0.041992
0 0.7846155442463975 0.7369195815498732 0.23536504491469273 0.17200850415179114
0 0.8264153473050176 0.5071470274963613 0.1697715078073184 0.10525893537646924
